2.038267471992658286e-01 2.038511784445690700e-01 0.000000000000000000e+00 0.000000000000000000e+00
1.268615192649035772e-01 1.269266161528320447e-01 0.000000000000000000e+00 0.000000000000000000e+00
6.118436156732987713e-02 6.129984116537982863e-02 0.000000000000000000e+00 0.000000000000000000e+00
3.411451035193471815e-02 3.421129691200833212e-02 0.000000000000000000e+00 0.000000000000000000e+00
3.433730955249485184e-02 3.439318166972374358e-02 0.000000000000000000e+00 0.000000000000000000e+00
3.375123926602394825e-02 3.391217020337825017e-02 0.000000000000000000e+00 0.000000000000000000e+00
3.348168857866474363e-02 3.379280346368066651e-02 0.000000000000000000e+00 0.000000000000000000e+00
3.346979502053232941e-02 3.383261825473464490e-02 0.000000000000000000e+00 0.000000000000000000e+00
3.339993334236499023e-02 3.370893343019300270e-02 0.000000000000000000e+00 0.000000000000000000e+00
3.333320016438304917e-02 3.355320268903882325e-02 0.000000000000000000e+00 0.000000000000000000e+00
3.329052487957254863e-02 3.345111585402014281e-02 0.000000000000000000e+00 0.000000000000000000e+00
3.327070930453662756e-02 3.341157407533737467e-02 0.000000000000000000e+00 0.000000000000000000e+00
3.325513281989233433e-02 3.341833580701445566e-02 0.000000000000000000e+00 0.000000000000000000e+00
3.324102748098803350e-02 3.343558345496068507e-02 0.000000000000000000e+00 0.000000000000000000e+00
3.322839105933323572e-02 3.344314986681976021e-02 0.000000000000000000e+00 0.000000000000000000e+00
3.321563456651195623e-02 3.344248887800610470e-02 0.000000000000000000e+00 0.000000000000000000e+00
3.320099249834936039e-02 3.343580633380497519e-02 0.000000000000000000e+00 0.000000000000000000e+00
3.318490577274001846e-02 3.340991268598844655e-02 0.000000000000000000e+00 0.000000000000000000e+00
3.316801915414353819e-02 3.339771029853488837e-02 0.000000000000000000e+00 0.000000000000000000e+00
3.314262307573509481e-02 3.337930517205121850e-02 0.000000000000000000e+00 0.000000000000000000e+00
3.310568154436131089e-02 3.335560640558555418e-02 0.000000000000000000e+00 0.000000000000000000e+00
3.306329879192821536e-02 3.333133564860222414e-02 0.000000000000000000e+00 0.000000000000000000e+00
3.301322445558325241e-02 3.329453392546707913e-02 0.000000000000000000e+00 0.000000000000000000e+00
3.294309009173240765e-02 3.323981782382347261e-02 0.000000000000000000e+00 0.000000000000000000e+00
3.286255651698834906e-02 3.318079743051091657e-02 0.000000000000000000e+00 0.000000000000000000e+00
3.275043638768250498e-02 3.309698346969588284e-02 0.000000000000000000e+00 0.000000000000000000e+00
3.263316759284165536e-02 3.300483165952117909e-02 0.000000000000000000e+00 0.000000000000000000e+00
3.245801191065407487e-02 3.285434076138173815e-02 6.944444612599909306e-05 0.000000000000000000e+00
3.219696027253439452e-02 3.265073687137293873e-02 4.166666767559945583e-04 2.777777845039963722e-04
3.180168640586115286e-02 3.228915770141391889e-02 1.180555555038154125e-03 5.555555690079927444e-04
3.118316787890564393e-02 3.170642031457594073e-02 4.791666753590106964e-03 3.888888983055949211e-03
3.035204170499954460e-02 3.089637007828281365e-02 1.534722186625003815e-02 1.250000018626451492e-02
2.928796203676673968e-02 2.989869680366088328e-02 3.020833246409893036e-02 2.805555611848831177e-02
2.790920566473179681e-02 2.854664334312755763e-02 5.034722387790679932e-02 4.388888925313949585e-02
2.610277747877056548e-02 2.692514648898253898e-02 8.847222477197647095e-02 7.555555552244186401e-02
2.410772719105710310e-02 2.529436536844766395e-02 1.490972191095352173e-01 1.177777796983718872e-01
2.217307936971730370e-02 2.364464943759123777e-02 2.047222256660461426e-01 1.638888865709304810e-01
2.046953917202269657e-02 2.212936609352875866e-02 2.667361199855804443e-01 2.169444411993026733e-01
1.883656189516312585e-02 2.079853510966151245e-02 3.095138967037200928e-01 2.536111176013946533e-01
1.699716718123799042e-02 1.928694559139909614e-02 3.650000095367431641e-01 2.961111068725585938e-01
1.531135027791586702e-02 1.806250096303570196e-02 4.387499988079071045e-01 3.547222316265106201e-01
1.376966133182140097e-02 1.681716747894384037e-02 5.054861307144165039e-01 4.030555486679077148e-01
1.241372366289905833e-02 1.576571681418695997e-02 5.714583396911621094e-01 4.427777826786041260e-01
1.123195512651703303e-02 1.480066704351273334e-02 6.259027719497680664e-01 4.925000071525573730e-01
1.027967820744532697e-02 1.384207088060450917e-02 6.682639122009277344e-01 5.299999713897705078e-01
9.324232703338351108e-03 1.281173901246763190e-02 7.127777934074401855e-01 5.666666626930236816e-01
8.589325850422527622e-03 1.210162877100309960e-02 7.614583373069763184e-01 6.175000071525573730e-01
7.954381451314948906e-03 1.162545142714627687e-02 7.829166650772094727e-01 6.313889026641845703e-01
7.438841764160675565e-03 1.103655060230994758e-02 7.923611402511596680e-01 6.422222256660461426e-01
6.840381818679438890e-03 1.046794207293323155e-02 8.350694179534912109e-01 6.972222328186035156e-01
6.482843109394727937e-03 1.013595874292646387e-02 8.496527671813964844e-01 7.174999713897705078e-01
6.079385535830642527e-03 9.696662385424534292e-03 8.605555295944213867e-01 7.330555319786071777e-01
5.789859290203227399e-03 9.368559042083661470e-03 8.694444298744201660e-01 7.483333349227905273e-01
5.396699144533505417e-03 8.895249663259946135e-03 8.790277838706970215e-01 7.616666555404663086e-01
5.066753102709330853e-03 8.441812830775875104e-03 8.899999856948852539e-01 7.763888835906982422e-01
4.834553621457604242e-03 8.388863111536167330e-03 9.055555462837219238e-01 7.905555367469787598e-01
4.605386769858113398e-03 8.086061262067446159e-03 9.088194370269775391e-01 8.002777695655822754e-01
4.321190653813883169e-03 7.748797631890683851e-03 9.158333539962768555e-01 8.155555725097656250e-01
4.099600611530508643e-03 7.584472180923506300e-03 9.186111092567443848e-01 8.238888978958129883e-01
3.985821175457437276e-03 7.488454125253352252e-03 9.251388907432556152e-01 8.233333230018615723e-01
3.864979334200463468e-03 7.421097417549673420e-03 9.330555796623229980e-01 8.341666460037231445e-01
3.611255939888385717e-03 7.195935817701819975e-03 9.385416507720947266e-01 8.477777838706970215e-01
3.415223290584136397e-03 6.985388400286428497e-03 9.390277862548828125e-01 8.519444465637207031e-01
3.335966297239121442e-03 6.773306582856496345e-03 9.467360973358154297e-01 8.572221994400024414e-01
3.180636532834885295e-03 6.666807813062982681e-03 9.486805796623229980e-01 8.619444370269775391e-01
2.981385408853237749e-03 6.359579703811096829e-03 9.510416388511657715e-01 8.605555295944213867e-01
2.903042854146910962e-03 6.303248177930407398e-03 9.549999833106994629e-01 8.686110973358154297e-01
2.798815448068463912e-03 6.259820834437546111e-03 9.590972065925598145e-01 8.799999952316284180e-01
2.689306036321995573e-03 6.302543170287249440e-03 9.618055820465087891e-01 8.838889002799987793e-01
2.555634695123259505e-03 6.052070361686965640e-03 9.600694179534912109e-01 8.916666507720947266e-01
2.424546559675151789e-03 5.797370478467701697e-03 9.606249928474426270e-01 8.830555677413940430e-01
2.340010182869989123e-03 5.736986522235998712e-03 9.644444584846496582e-01 8.874999880790710449e-01
2.273643215253047696e-03 5.720891524381174417e-03 9.699305295944213867e-01 8.991666436195373535e-01
2.231939637480215375e-03 5.729339898942541892e-03 9.737499952316284180e-01 9.022222161293029785e-01
2.135544586313240650e-03 5.571878416920156979e-03 9.755555391311645508e-01 9.058333039283752441e-01
2.008485183533607540e-03 5.492503681615274781e-03 9.745833277702331543e-01 9.013888835906982422e-01
1.941100032343639125e-03 5.509058902928789733e-03 9.721527695655822754e-01 8.969444632530212402e-01
1.944272266218911209e-03 5.367483270652545664e-03 9.770833253860473633e-01 9.038888812065124512e-01
1.830374339612874128e-03 5.227802134088990055e-03 9.793055653572082520e-01 9.077777862548828125e-01
1.751483414027736000e-03 5.252214915053467735e-03 9.788194298744201660e-01 9.069444537162780762e-01
1.677392609432497945e-03 5.191845366978748225e-03 9.784722328186035156e-01 9.013888835906982422e-01
1.654794096146707796e-03 5.181275082598265844e-03 9.808333516120910645e-01 9.111111164093017578e-01
1.602736677121030474e-03 5.125152349000480431e-03 9.813888669013977051e-01 9.108333587646484375e-01
1.506677227372420691e-03 4.980294072128451342e-03 9.834722280502319336e-01 9.158333539962768555e-01
1.444443443618909735e-03 4.839790929074307135e-03 9.856944680213928223e-01 9.175000190734863281e-01
1.407023139451855313e-03 4.890068654848705662e-03 9.847221970558166504e-01 9.105555415153503418e-01
1.339428405961881011e-03 4.897341366341612795e-03 9.861111044883728027e-01 9.111111164093017578e-01
1.355987954684050902e-03 4.862612446468113879e-03 9.848611354827880859e-01 9.144444465637207031e-01
1.326278362647284343e-03 4.816158078034685555e-03 9.860416650772094727e-01 9.191666841506958008e-01
1.273535517358297597e-03 4.722477169210701105e-03 9.896527528762817383e-01 9.283333420753479004e-01
1.229948436930292533e-03 4.618108707714601441e-03 9.897916913032531738e-01 9.283333420753479004e-01
1.163429794230710392e-03 4.452365524372578140e-03 9.893749952316284180e-01 9.286110997200012207e-01
1.112724412668201308e-03 4.338357874579450678e-03 9.897916913032531738e-01 9.300000071525573730e-01
1.072091417385187453e-03 4.339572119425051319e-03 9.902083277702331543e-01 9.291666746139526367e-01
1.062608546266423414e-03 4.448917757893390557e-03 9.906250238418579102e-01 9.294444322586059570e-01
1.011589820068251825e-03 4.416603422636143812e-03 9.909027814865112305e-01 9.300000071525573730e-01
9.431344593197674283e-04 4.264712064726621996e-03 9.918749928474426270e-01 9.305555820465087891e-01
9.424657706113406591e-04 4.256348976468933565e-03 9.914583563804626465e-01 9.288889169692993164e-01
9.143638640858870034e-04 4.207807223601495866e-03 9.907639026641845703e-01 9.269444346427917480e-01
9.010318163017579053e-04 4.198885682294398354e-03 9.927083253860473633e-01 9.355555772781372070e-01
8.589216939805840566e-04 4.105748330575915810e-03 9.939583539962768555e-01 9.358333349227905273e-01
8.557506985561944002e-04 4.065781884270788619e-03 9.925694465637207031e-01 9.369444251060485840e-01
8.421047371669231930e-04 4.054045794309179239e-03 9.929166436195373535e-01 9.388889074325561523e-01
8.136220748398903177e-04 4.023342948877216448e-03 9.931944608688354492e-01 9.363889098167419434e-01
7.682298210054571341e-04 4.063913455515047284e-03 9.929860830307006836e-01 9.325000047683715820e-01
7.386963175701993616e-04 4.085681862198617918e-03 9.947222471237182617e-01 9.355555772781372070e-01
7.360459707654906213e-04 4.009450539856967630e-03 9.945833086967468262e-01 9.402777552604675293e-01
7.112060616346887066e-04 3.930919900356634467e-03 9.947916865348815918e-01 9.391666650772094727e-01
7.033871723057023460e-04 3.954212146747904111e-03 9.949305653572082520e-01 9.422222375869750977e-01
6.785644466112164238e-04 4.026601336057031473e-03 9.959027767181396484e-01 9.430555701255798340e-01
6.417356626009485497e-04 4.016841979042572869e-03 9.961805343627929688e-01 9.361110925674438477e-01
6.067301836632975559e-04 3.878390012981861035e-03 9.963194727897644043e-01 9.405555725097656250e-01
6.002366928028224661e-04 3.865251746706894771e-03 9.961110949516296387e-01 9.441666603088378906e-01
5.827670146910259421e-04 3.945443491885258953e-03 9.965972304344177246e-01 9.441666603088378906e-01
5.895954640367570944e-04 4.024093692490556505e-03 9.972222447395324707e-01 9.422222375869750977e-01
5.745302865128102928e-04 3.973782976083119201e-03 9.965277910232543945e-01 9.438889026641845703e-01
5.445728461969123486e-04 3.852795428958383141e-03 9.959722161293029785e-01 9.455555677413940430e-01
5.038772839987830550e-04 3.758006891198580144e-03 9.964583516120910645e-01 9.424999952316284180e-01
4.857822487489260577e-04 3.729549493734145554e-03 9.972222447395324707e-01 9.433333277702331543e-01
4.738552293414428321e-04 3.672710885554510835e-03 9.981250166893005371e-01 9.461110830307006836e-01
4.726088544229823567e-04 3.736920452849139176e-03 9.977083206176757812e-01 9.444444179534912109e-01
4.727221938342675029e-04 3.689758095427755555e-03 9.980555772781372070e-01 9.491666555404663086e-01
4.500573002727311766e-04 3.735319140382781320e-03 9.981250166893005371e-01 9.466666579246520996e-01
4.253370461172281160e-04 3.597882773212732286e-03 9.983333349227905273e-01 9.480555653572082520e-01
4.115644743787112854e-04 3.541780480685674005e-03 9.983333349227905273e-01 9.488888978958129883e-01
4.067094431322576661e-04 3.522867928238504562e-03 9.981944561004638672e-01 9.480555653572082520e-01
4.061485841212145610e-04 3.533114708254617240e-03 9.981250166893005371e-01 9.474999904632568359e-01
3.849888985833384964e-04 3.521789002955899410e-03 9.980555772781372070e-01 9.519444704055786133e-01
3.906112697601888686e-04 3.514296997836892193e-03 9.983333349227905273e-01 9.544444680213928223e-01
3.798635687982091402e-04 3.514100463241048855e-03 9.984027743339538574e-01 9.511111378669738770e-01
3.626193723905963380e-04 3.494730045082318232e-03 9.986805319786071777e-01 9.538888931274414062e-01
3.651285336660072640e-04 3.435487732784199728e-03 9.986110925674438477e-01 9.533333182334899902e-01
3.506435274761435846e-04 3.457621916330960894e-03 9.984027743339538574e-01 9.544444680213928223e-01
3.189657260572449182e-04 3.434620686247649626e-03 9.986805319786071777e-01 9.527778029441833496e-01
3.291068881585243358e-04 3.431206569477068813e-03 9.984027743339538574e-01 9.538888931274414062e-01
3.173299360125970037e-04 3.353638938442062272e-03 9.988194704055786133e-01 9.577777981758117676e-01
3.135387701920627746e-04 3.398842424754169780e-03 9.993749856948852539e-01 9.563888907432556152e-01
3.046014185988692646e-04 3.357508859429429900e-03 9.992361068725585938e-01 9.566666483879089355e-01
2.972940423215739017e-04 3.324463992433879158e-03 9.985416531562805176e-01 9.580555558204650879e-01
2.988921443882616388e-04 3.279321950259666500e-03 9.988194704055786133e-01 9.602777957916259766e-01
2.812836483837503464e-04 3.273727052762567900e-03 9.990972280502319336e-01 9.561111330986022949e-01
2.517013538035288000e-04 3.203900187585878231e-03 9.991666674613952637e-01 9.555555582046508789e-01
2.478975499314559658e-04 3.246878146603743385e-03 9.994444251060485840e-01 9.541666507720947266e-01
2.286009156621473420e-04 3.247495625859516104e-03 9.990277886390686035e-01 9.552778005599975586e-01
2.237693409939160109e-04 3.326755847056465151e-03 9.992361068725585938e-01 9.547222256660461426e-01
2.472497570331219034e-04 3.324918817654841461e-03 9.993055462837219238e-01 9.569444656372070312e-01
2.611444139254844835e-04 3.214843901272666955e-03 9.992361068725585938e-01 9.563888907432556152e-01
2.513727942638539379e-04 3.154059868421046301e-03 9.992361068725585938e-01 9.561111330986022949e-01
2.411258698278483049e-04 3.186252014518101226e-03 9.992361068725585938e-01 9.591666460037231445e-01
2.210648336057781111e-04 3.159596692706497390e-03 9.992361068725585938e-01 9.577777981758117676e-01
2.280725620052944963e-04 3.217646462099475659e-03 9.992361068725585938e-01 9.619444608688354492e-01
2.232224369978887471e-04 3.248091928251251731e-03 9.995138645172119141e-01 9.583333134651184082e-01
2.257200825894623963e-04 3.217831357109554591e-03 9.996528029441833496e-01 9.633333086967468262e-01
2.156598482269581442e-04 3.172934676170440903e-03 9.995833039283752441e-01 9.588888883590698242e-01
1.984122616279499873e-04 3.065677667363146241e-03 9.997916817665100098e-01 9.572222232818603516e-01
1.885908685115509893e-04 3.097874580536724622e-03 9.996528029441833496e-01 9.594444632530212402e-01
1.825201639346718887e-04 3.094556457273408417e-03 9.997222423553466797e-01 9.605555534362792969e-01
1.746799639283123451e-04 3.154389391810375008e-03 9.997222423553466797e-01 9.605555534362792969e-01
1.818764176822763574e-04 3.129739306063535932e-03 9.996528029441833496e-01 9.602777957916259766e-01
1.756324173473506906e-04 3.107487110585290414e-03 9.996528029441833496e-01 9.616666436195373535e-01
1.696930488943822798e-04 3.060846526242976158e-03 9.995833039283752441e-01 9.608333110809326172e-01
1.579832278173790786e-04 3.033691055118194549e-03 9.997916817665100098e-01 9.630555510520935059e-01
1.583117088331709881e-04 3.067258680303803966e-03 9.997222423553466797e-01 9.633333086967468262e-01
1.591880827525739934e-04 3.068821698649512597e-03 9.996528029441833496e-01 9.630555510520935059e-01
1.503036962521628718e-04 3.068094715355461442e-03 9.997916817665100098e-01 9.636111259460449219e-01
1.441209903384531126e-04 3.096602579710200365e-03 9.997222423553466797e-01 9.633333086967468262e-01
1.410980367421359280e-04 3.088376110743033549e-03 9.998611211776733398e-01 9.633333086967468262e-01
1.391028155519597842e-04 3.084901253045863045e-03 9.999305605888366699e-01 9.630555510520935059e-01
1.365325559466625395e-04 3.020272419359155101e-03 9.998611211776733398e-01 9.622222185134887695e-01
1.285010305631333180e-04 2.953338654766620927e-03 9.999305605888366699e-01 9.616666436195373535e-01
1.341281600343972608e-04 2.979210822922005644e-03 9.997916817665100098e-01 9.627777934074401855e-01
1.303653027971434951e-04 2.966435656266390528e-03 9.999305605888366699e-01 9.633333086967468262e-01
1.292972947715171782e-04 2.909732431589946450e-03 9.999305605888366699e-01 9.644444584846496582e-01
1.169332749839583198e-04 2.876709666470018793e-03 9.997916817665100098e-01 9.636111259460449219e-01
1.161298016804684956e-04 2.843568525632988401e-03 9.997916817665100098e-01 9.622222185134887695e-01
1.202056767350663871e-04 2.873698070605220072e-03 9.997916817665100098e-01 9.638888835906982422e-01
1.130033699159452488e-04 2.918254310117121119e-03 9.998611211776733398e-01 9.611111283302307129e-01
1.111092747178457445e-04 2.926850278257102627e-03 9.997916817665100098e-01 9.613888859748840332e-01
1.214372329443797241e-04 3.001857805545579596e-03 9.998611211776733398e-01 9.630555510520935059e-01
1.244578176349108042e-04 2.986836012971623867e-03 9.997916817665100098e-01 9.658333063125610352e-01
1.217572662987643508e-04 2.969723252113863274e-03 9.998611211776733398e-01 9.616666436195373535e-01
1.059839230988260069e-04 2.933108629086213920e-03 9.998611211776733398e-01 9.616666436195373535e-01
1.009666530001266228e-04 2.924802989459279051e-03 9.999305605888366699e-01 9.633333086967468262e-01
1.078919706135233797e-04 2.987004344451130080e-03 9.997916817665100098e-01 9.641666412353515625e-01
1.056274841883005479e-04 2.961387930240311217e-03 9.998611211776733398e-01 9.647222161293029785e-01
9.919153564041516670e-05 2.910052683619967703e-03 9.998611211776733398e-01 9.624999761581420898e-01
9.634600315276273458e-05 2.871610012610716859e-03 9.998611211776733398e-01 9.636111259460449219e-01
9.099140423206204537e-05 2.831853897208098676e-03 1.000000000000000000e+00 9.644444584846496582e-01
9.517857902704570067e-05 2.952494092757729401e-03 1.000000000000000000e+00 9.669444561004638672e-01
8.917845292509844670e-05 2.954105186605236310e-03 1.000000000000000000e+00 9.674999713897705078e-01
8.574388342179361296e-05 2.967893987467846301e-03 1.000000000000000000e+00 9.649999737739562988e-01
8.494631437099482197e-05 2.986934770323978333e-03 1.000000000000000000e+00 9.683333039283752441e-01
8.933517541905587926e-05 2.958674299878364007e-03 1.000000000000000000e+00 9.694444537162780762e-01
8.597031215203533149e-05 2.957203883384979578e-03 1.000000000000000000e+00 9.655555486679077148e-01
8.317992181013606032e-05 2.948101182371576454e-03 1.000000000000000000e+00 9.649999737739562988e-01
8.729875933724392460e-05 2.899957611083320112e-03 1.000000000000000000e+00 9.641666412353515625e-01
8.603536819724841886e-05 2.797972138022440831e-03 1.000000000000000000e+00 9.649999737739562988e-01
8.247699564465357043e-05 2.801202659064364747e-03 1.000000000000000000e+00 9.669444561004638672e-01
8.030023494284379876e-05 2.790378119149217011e-03 9.999305605888366699e-01 9.663888812065124512e-01
7.761950525456255700e-05 2.809497767998444129e-03 1.000000000000000000e+00 9.680555462837219238e-01
7.706841641713738653e-05 2.817140326328708509e-03 1.000000000000000000e+00 9.683333039283752441e-01
8.106806445525992656e-05 2.835652463227842941e-03 9.999305605888366699e-01 9.655555486679077148e-01
7.746086725446479644e-05 2.710624011410618997e-03 1.000000000000000000e+00 9.674999713897705078e-01
7.240920005987464946e-05 2.674004962318990344e-03 1.000000000000000000e+00 9.677777886390686035e-01
6.679377613430498685e-05 2.735467686678661522e-03 9.999305605888366699e-01 9.666666388511657715e-01
7.135502043681261246e-05 2.713685645624162607e-03 9.999305605888366699e-01 9.655555486679077148e-01
7.211252326283504256e-05 2.734067779334546297e-03 9.998611211776733398e-01 9.680555462837219238e-01
6.268535004190163345e-05 2.763408098016207314e-03 9.999305605888366699e-01 9.674999713897705078e-01
6.263769436618590435e-05 2.751160001982205089e-03 1.000000000000000000e+00 9.649999737739562988e-01
5.997795415850010669e-05 2.752855749378098002e-03 9.999305605888366699e-01 9.661111235618591309e-01
5.734357915989123159e-05 2.713690203862321060e-03 1.000000000000000000e+00 9.638888835906982422e-01
5.360358002821309691e-05 2.738268238689231006e-03 1.000000000000000000e+00 9.627777934074401855e-01
5.831138734235814379e-05 2.745582864033170849e-03 1.000000000000000000e+00 9.655555486679077148e-01
5.921503262996936592e-05 2.821805348672538471e-03 1.000000000000000000e+00 9.636111259460449219e-01
5.557389215846127520e-05 2.848248648597914365e-03 1.000000000000000000e+00 9.644444584846496582e-01
5.960604134646378753e-05 2.952942616285721307e-03 1.000000000000000000e+00 9.649999737739562988e-01
6.209844869261542529e-05 2.915278270179673219e-03 1.000000000000000000e+00 9.652777910232543945e-01
6.933935202610389957e-05 2.981853757621247443e-03 1.000000000000000000e+00 9.644444584846496582e-01
6.140205505081834788e-05 2.964718557161460499e-03 1.000000000000000000e+00 9.624999761581420898e-01
5.498121827064836911e-05 2.881825616703008724e-03 1.000000000000000000e+00 9.636111259460449219e-01
5.155948195490659916e-05 2.783650341258023068e-03 1.000000000000000000e+00 9.674999713897705078e-01
5.121288513704065875e-05 2.753512490726518075e-03 1.000000000000000000e+00 9.686111211776733398e-01
4.657520402393477109e-05 2.770611140327348780e-03 1.000000000000000000e+00 9.688888788223266602e-01
4.392903437320291177e-05 2.851900651639118628e-03 1.000000000000000000e+00 9.636111259460449219e-01
4.815231942771241910e-05 2.836244497770435899e-03 1.000000000000000000e+00 9.641666412353515625e-01
4.382345196637229070e-05 2.817337480855130506e-03 1.000000000000000000e+00 9.641666412353515625e-01
4.798848525354778162e-05 2.845490450326175653e-03 1.000000000000000000e+00 9.649999737739562988e-01
4.877572726549430694e-05 2.755985186420225469e-03 1.000000000000000000e+00 9.655555486679077148e-01
5.333940192337594107e-05 2.726430857376348476e-03 1.000000000000000000e+00 9.655555486679077148e-01
6.011900245680683053e-05 2.787068267227751830e-03 9.999305605888366699e-01 9.677777886390686035e-01
5.382038242142986014e-05 2.848440921077767703e-03 9.999305605888366699e-01 9.669444561004638672e-01
5.305206180217639965e-05 2.827549568738475533e-03 9.999305605888366699e-01 9.669444561004638672e-01
5.167626036418863510e-05 2.833377059581425501e-03 9.998611211776733398e-01 9.666666388511657715e-01
4.684563314533325695e-05 2.861611472439162893e-03 1.000000000000000000e+00 9.658333063125610352e-01
4.223999516855217218e-05 2.815325121644444550e-03 1.000000000000000000e+00 9.666666388511657715e-01
3.914840722910972563e-05 2.760131501001466744e-03 1.000000000000000000e+00 9.683333039283752441e-01
3.673625344542877624e-05 2.733949800473194514e-03 1.000000000000000000e+00 9.674999713897705078e-01
3.663971588615229851e-05 2.727265172669203572e-03 1.000000000000000000e+00 9.686111211776733398e-01
3.638096757078862091e-05 2.766743532957903397e-03 1.000000000000000000e+00 9.697222113609313965e-01
3.726293957658174293e-05 2.732294127304805715e-03 1.000000000000000000e+00 9.686111211776733398e-01
3.656873176763388044e-05 2.654704497907530662e-03 1.000000000000000000e+00 9.702777862548828125e-01
3.597737619747706463e-05 2.661582683075310301e-03 1.000000000000000000e+00 9.711111187934875488e-01
3.338433508166344316e-05 2.675327538473374310e-03 1.000000000000000000e+00 9.705555438995361328e-01
3.340144940189647513e-05 2.656900439858821909e-03 1.000000000000000000e+00 9.697222113609313965e-01
3.585290186659926566e-05 2.664087882846612101e-03 1.000000000000000000e+00 9.697222113609313965e-01
3.656301527473438745e-05 2.662488060859817367e-03 1.000000000000000000e+00 9.683333039283752441e-01
3.434082425358821411e-05 2.606582210228831822e-03 1.000000000000000000e+00 9.672222137451171875e-01
3.255889821522718109e-05 2.592205787762725047e-03 1.000000000000000000e+00 9.680555462837219238e-01
3.584232246414331208e-05 2.568928699032798496e-03 1.000000000000000000e+00 9.697222113609313965e-01
3.790236386122530646e-05 2.626231791168121173e-03 1.000000000000000000e+00 9.694444537162780762e-01
3.682662165033207110e-05 2.683974037811073712e-03 1.000000000000000000e+00 9.677777886390686035e-01
3.197677214140806303e-05 2.601397380129538174e-03 1.000000000000000000e+00 9.677777886390686035e-01
3.250206694720254391e-05 2.597144175946518221e-03 1.000000000000000000e+00 9.677777886390686035e-01
3.697676428738484467e-05 2.568895143072234474e-03 1.000000000000000000e+00 9.683333039283752441e-01
3.531065501719128326e-05 2.606160394564026143e-03 1.000000000000000000e+00 9.672222137451171875e-01
3.360620872904503082e-05 2.630111352602987253e-03 1.000000000000000000e+00 9.677777886390686035e-01
3.046882046571850798e-05 2.684707560089918607e-03 1.000000000000000000e+00 9.644444584846496582e-01
2.908054904742263494e-05 2.752294913005096620e-03 1.000000000000000000e+00 9.674999713897705078e-01
3.278883297406239814e-05 2.756016773380245283e-03 1.000000000000000000e+00 9.697222113609313965e-01
3.017120840633144427e-05 2.720759837780523452e-03 1.000000000000000000e+00 9.697222113609313965e-01
3.149721782324990915e-05 2.737827641395415481e-03 1.000000000000000000e+00 9.683333039283752441e-01
3.117504623066245841e-05 2.702893094174878448e-03 1.000000000000000000e+00 9.700000286102294922e-01
2.628653016869497865e-05 2.716667240498733642e-03 1.000000000000000000e+00 9.686111211776733398e-01
2.611466053088716262e-05 2.732185292995055123e-03 1.000000000000000000e+00 9.683333039283752441e-01
2.647840437458916522e-05 2.721170560178128896e-03 1.000000000000000000e+00 9.691666960716247559e-01
2.506268536845812121e-05 2.682956788575488558e-03 1.000000000000000000e+00 9.697222113609313965e-01
2.542828737869763569e-05 2.669884563699913109e-03 1.000000000000000000e+00 9.700000286102294922e-01
2.525559116901218172e-05 2.688922703205996311e-03 1.000000000000000000e+00 9.691666960716247559e-01
2.508427433640906417e-05 2.658201137695110315e-03 1.000000000000000000e+00 9.697222113609313965e-01
2.118249656813462519e-05 2.622995477111476990e-03 1.000000000000000000e+00 9.688888788223266602e-01
2.054263095258613165e-05 2.587389203551789408e-03 1.000000000000000000e+00 9.711111187934875488e-01
2.107625061281558781e-05 2.602086185686116639e-03 1.000000000000000000e+00 9.680555462837219238e-01
2.367805849636539110e-05 2.600725163101377801e-03 1.000000000000000000e+00 9.661111235618591309e-01
2.452871391996446271e-05 2.560344654989401680e-03 1.000000000000000000e+00 9.683333039283752441e-01
2.538810815575390941e-05 2.584587673744290128e-03 1.000000000000000000e+00 9.700000286102294922e-01
2.144803952228401724e-05 2.549388725149951893e-03 1.000000000000000000e+00 9.711111187934875488e-01
2.164120711294310678e-05 2.607084839561619842e-03 1.000000000000000000e+00 9.711111187934875488e-01
2.018662510461852929e-05 2.597439199318710840e-03 1.000000000000000000e+00 9.686111211776733398e-01
1.984474316643857674e-05 2.563012873356868525e-03 1.000000000000000000e+00 9.663888812065124512e-01
2.001929261326623104e-05 2.547277101080459676e-03 1.000000000000000000e+00 9.652777910232543945e-01
2.061078514804531118e-05 2.508067450749687684e-03 1.000000000000000000e+00 9.683333039283752441e-01
2.076407821259039564e-05 2.558827391355467194e-03 1.000000000000000000e+00 9.688888788223266602e-01
2.225756618111694409e-05 2.598735306759673673e-03 1.000000000000000000e+00 9.691666960716247559e-01
2.300304439137345049e-05 2.610615270391377848e-03 1.000000000000000000e+00 9.708333611488342285e-01
2.046003495407702424e-05 2.640722839784442801e-03 1.000000000000000000e+00 9.683333039283752441e-01
2.127574698879088996e-05 2.578230560163900006e-03 1.000000000000000000e+00 9.702777862548828125e-01
2.224666585344808263e-05 2.574240762971411953e-03 1.000000000000000000e+00 9.700000286102294922e-01
2.033206809356963632e-05 2.593978144140076866e-03 1.000000000000000000e+00 9.697222113609313965e-01
2.204185094666369645e-05 2.561831264661923544e-03 1.000000000000000000e+00 9.691666960716247559e-01
2.067835708669333845e-05 2.513552601714131272e-03 1.000000000000000000e+00 9.716666936874389648e-01
2.031891831685516989e-05 2.491355571678630434e-03 1.000000000000000000e+00 9.719444513320922852e-01
2.089483656983172899e-05 2.400839871258907132e-03 1.000000000000000000e+00 9.736111164093017578e-01
2.205101883853620936e-05 2.392236512444577932e-03 1.000000000000000000e+00 9.736111164093017578e-01
1.936226499398547673e-05 2.424378945283795286e-03 9.999305605888366699e-01 9.713888764381408691e-01
1.866967911708123862e-05 2.409371954093256218e-03 1.000000000000000000e+00 9.733333587646484375e-01
1.854114522053489490e-05 2.475501187715908966e-03 1.000000000000000000e+00 9.722222089767456055e-01
1.690098544969898228e-05 2.518155968630550988e-03 1.000000000000000000e+00 9.722222089767456055e-01
1.515055946970402635e-05 2.537791614327390786e-03 1.000000000000000000e+00 9.713888764381408691e-01
1.420128268666818529e-05 2.522868853388428659e-03 1.000000000000000000e+00 9.730555415153503418e-01
1.420091201257771523e-05 2.546106646807290690e-03 1.000000000000000000e+00 9.713888764381408691e-01
1.426481493590763123e-05 2.528411791270507390e-03 1.000000000000000000e+00 9.697222113609313965e-01
1.502133087271805422e-05 2.503761565184273261e-03 1.000000000000000000e+00 9.694444537162780762e-01
1.552952189760527476e-05 2.520809280153061063e-03 1.000000000000000000e+00 9.697222113609313965e-01
1.639752901203603947e-05 2.496081207864191825e-03 1.000000000000000000e+00 9.725000262260437012e-01
1.660470742824877514e-05 2.500975186483082782e-03 1.000000000000000000e+00 9.711111187934875488e-01
1.566181287413463634e-05 2.508602292452784613e-03 1.000000000000000000e+00 9.705555438995361328e-01
1.360420686430159162e-05 2.547322266781207670e-03 1.000000000000000000e+00 9.711111187934875488e-01
1.395667205184428271e-05 2.547559293047299122e-03 1.000000000000000000e+00 9.700000286102294922e-01
1.379405337586047933e-05 2.537689477504906366e-03 1.000000000000000000e+00 9.705555438995361328e-01
1.357863564996826193e-05 2.546572166931160286e-03 1.000000000000000000e+00 9.708333611488342285e-01
1.130354719353279797e-05 2.553917939410277164e-03 1.000000000000000000e+00 9.688888788223266602e-01
1.234293724296610313e-05 2.586516303019750860e-03 1.000000000000000000e+00 9.683333039283752441e-01
1.254419343651647962e-05 2.655791460654126183e-03 1.000000000000000000e+00 9.694444537162780762e-01
1.236715930074047800e-05 2.590338422981244837e-03 1.000000000000000000e+00 9.700000286102294922e-01
1.312503615823433738e-05 2.588593856572603356e-03 1.000000000000000000e+00 9.702777862548828125e-01
1.110485043438176935e-05 2.581721183533180336e-03 1.000000000000000000e+00 9.708333611488342285e-01
1.192265978787155638e-05 2.564136138689077429e-03 1.000000000000000000e+00 9.705555438995361328e-01
1.206444263771610414e-05 2.586608367074311274e-03 1.000000000000000000e+00 9.713888764381408691e-01
1.246514303823962895e-05 2.586898116158754726e-03 1.000000000000000000e+00 9.727777838706970215e-01
1.174272407855512223e-05 2.599892673389980410e-03 1.000000000000000000e+00 9.702777862548828125e-01
1.245354393001132840e-05 2.585992057006246143e-03 1.000000000000000000e+00 9.697222113609313965e-01
1.165290368466750863e-05 2.564084964626857453e-03 1.000000000000000000e+00 9.708333611488342285e-01
1.144491047942386535e-05 2.543973268939235619e-03 1.000000000000000000e+00 9.694444537162780762e-01
1.032769410902726339e-05 2.509986754064036981e-03 1.000000000000000000e+00 9.719444513320922852e-01
1.081239214149838168e-05 2.501171679795939542e-03 1.000000000000000000e+00 9.730555415153503418e-01
1.160114924283001975e-05 2.544903692161272143e-03 1.000000000000000000e+00 9.727777838706970215e-01
1.360770770045451507e-05 2.512298159590272903e-03 1.000000000000000000e+00 9.719444513320922852e-01
1.347402534402312623e-05 2.504147735477261962e-03 1.000000000000000000e+00 9.727777838706970215e-01
1.125020487116442166e-05 2.468788727504234778e-03 1.000000000000000000e+00 9.708333611488342285e-01
9.215147266080480216e-06 2.538252523978522419e-03 1.000000000000000000e+00 9.730555415153503418e-01
8.913090714572126112e-06 2.573705599516557408e-03 1.000000000000000000e+00 9.722222089767456055e-01
9.190824815764306704e-06 2.544714908610429087e-03 1.000000000000000000e+00 9.719444513320922852e-01
8.984329539719579269e-06 2.546480865400557042e-03 1.000000000000000000e+00 9.727777838706970215e-01
9.872176354670634621e-06 2.518950546201719973e-03 1.000000000000000000e+00 9.711111187934875488e-01
1.146669811655343374e-05 2.510964823822797818e-03 1.000000000000000000e+00 9.708333611488342285e-01
9.884929224578277153e-06 2.450912116014234646e-03 1.000000000000000000e+00 9.708333611488342285e-01
9.310264635706351120e-06 2.508346601362724648e-03 1.000000000000000000e+00 9.719444513320922852e-01
8.690770052980378879e-06 2.445318899541753296e-03 1.000000000000000000e+00 9.747222065925598145e-01
9.954798411857088310e-06 2.461878923639236952e-03 1.000000000000000000e+00 9.733333587646484375e-01
8.744354817000600947e-06 2.492725782341918567e-03 1.000000000000000000e+00 9.736111164093017578e-01
9.875652188160991259e-06 2.559246650859749606e-03 1.000000000000000000e+00 9.713888764381408691e-01
1.024649816198947643e-05 2.565342652658128032e-03 1.000000000000000000e+00 9.691666960716247559e-01
1.131999076486206354e-05 2.541895558550110856e-03 1.000000000000000000e+00 9.702777862548828125e-01
1.039306335951217650e-05 2.508577218471032180e-03 1.000000000000000000e+00 9.694444537162780762e-01
8.713948579274498655e-06 2.438261239261492724e-03 1.000000000000000000e+00 9.727777838706970215e-01
8.643459296242982480e-06 2.420273737887046733e-03 1.000000000000000000e+00 9.725000262260437012e-01
8.491361328937567252e-06 2.383594075715527328e-03 1.000000000000000000e+00 9.722222089767456055e-01
8.439820952584353470e-06 2.443420352024491555e-03 1.000000000000000000e+00 9.727777838706970215e-01
8.445802984057867083e-06 2.473087340512656815e-03 1.000000000000000000e+00 9.716666936874389648e-01
9.379839710804924202e-06 2.469623311284444185e-03 1.000000000000000000e+00 9.697222113609313965e-01
1.017043520871535986e-05 2.459440922259614835e-03 1.000000000000000000e+00 9.688888788223266602e-01
1.018918309152675239e-05 2.535855310409678917e-03 1.000000000000000000e+00 9.691666960716247559e-01
9.214285177406254722e-06 2.509983167740726176e-03 1.000000000000000000e+00 9.705555438995361328e-01
7.942153133892827029e-06 2.521765093836939552e-03 1.000000000000000000e+00 9.700000286102294922e-01
7.460830154542646266e-06 2.514048361993232329e-03 1.000000000000000000e+00 9.719444513320922852e-01
8.497024917632929055e-06 2.439387083940850257e-03 1.000000000000000000e+00 9.719444513320922852e-01
8.304004042451178534e-06 2.437931566368159355e-03 1.000000000000000000e+00 9.719444513320922852e-01
8.877980826464584090e-06 2.426812847865271894e-03 1.000000000000000000e+00 9.713888764381408691e-01
9.132715436952649820e-06 2.432221687686940415e-03 1.000000000000000000e+00 9.702777862548828125e-01
8.017719830508408289e-06 2.385505100111231375e-03 1.000000000000000000e+00 9.730555415153503418e-01
8.233708722704759071e-06 2.367822509915391924e-03 1.000000000000000000e+00 9.738888740539550781e-01
7.662984885083321213e-06 2.338239623486780636e-03 1.000000000000000000e+00 9.738888740539550781e-01
9.103677767457084497e-06 2.329485095120327476e-03 1.000000000000000000e+00 9.736111164093017578e-01
1.046323403111875352e-05 2.308124021111724721e-03 1.000000000000000000e+00 9.736111164093017578e-01
9.688883586784977685e-06 2.274252045585884504e-03 1.000000000000000000e+00 9.744444489479064941e-01
6.850895657649913707e-06 2.258383087105013832e-03 1.000000000000000000e+00 9.744444489479064941e-01
6.435689055366972642e-06 2.264534978803412792e-03 1.000000000000000000e+00 9.733333587646484375e-01
5.726827317516026710e-06 2.278966383077883975e-03 1.000000000000000000e+00 9.733333587646484375e-01
6.066222450735201258e-06 2.302075691984660326e-03 1.000000000000000000e+00 9.730555415153503418e-01
5.847412714139163569e-06 2.303827092648255866e-03 1.000000000000000000e+00 9.733333587646484375e-01
5.941250521509397737e-06 2.304264065066424783e-03 1.000000000000000000e+00 9.747222065925598145e-01
6.518427184556892465e-06 2.313398992763008449e-03 1.000000000000000000e+00 9.763888716697692871e-01
6.578771129690686123e-06 2.353307135204543536e-03 1.000000000000000000e+00 9.758333563804626465e-01
6.919617684861413007e-06 2.395675163943594265e-03 1.000000000000000000e+00 9.738888740539550781e-01
6.605294623604066387e-06 2.385318888170551415e-03 1.000000000000000000e+00 9.750000238418579102e-01
6.380311013759618046e-06 2.380842351079934423e-03 1.000000000000000000e+00 9.744444489479064941e-01
6.516389661803426488e-06 2.401222509887747207e-03 1.000000000000000000e+00 9.750000238418579102e-01
6.250810338935926893e-06 2.378842326597041881e-03 1.000000000000000000e+00 9.741666913032531738e-01
6.185225863594432469e-06 2.375301599096647960e-03 1.000000000000000000e+00 9.736111164093017578e-01
6.702195026227404130e-06 2.347720614508982517e-03 1.000000000000000000e+00 9.733333587646484375e-01
6.947849272274322426e-06 2.379493941249677478e-03 1.000000000000000000e+00 9.708333611488342285e-01
5.825646299203317651e-06 2.422767174112561758e-03 1.000000000000000000e+00 9.691666960716247559e-01
5.364625123061135482e-06 2.445951436545710633e-03 1.000000000000000000e+00 9.705555438995361328e-01
5.244926582819088944e-06 2.440572830765378592e-03 1.000000000000000000e+00 9.694444537162780762e-01
5.984234247022388410e-06 2.417764080794491521e-03 1.000000000000000000e+00 9.708333611488342285e-01
6.085231856729304823e-06 2.424291713358826730e-03 1.000000000000000000e+00 9.711111187934875488e-01
4.979111432203017990e-06 2.379116450529100701e-03 1.000000000000000000e+00 9.722222089767456055e-01
5.175406663757655471e-06 2.390345286930969752e-03 1.000000000000000000e+00 9.730555415153503418e-01
4.918264474550616811e-06 2.420793195674157509e-03 1.000000000000000000e+00 9.722222089767456055e-01
5.923643851168160031e-06 2.380769169997859133e-03 1.000000000000000000e+00 9.744444489479064941e-01
6.473211214393899480e-06 2.418521732926621603e-03 1.000000000000000000e+00 9.736111164093017578e-01
7.205667742935734638e-06 2.374381166486823954e-03 1.000000000000000000e+00 9.730555415153503418e-01
7.806304935774094857e-06 2.421224099743734572e-03 1.000000000000000000e+00 9.733333587646484375e-01
5.848226797010225255e-06 2.377051899157614067e-03 1.000000000000000000e+00 9.727777838706970215e-01
5.778349334680372263e-06 2.412797008700628704e-03 1.000000000000000000e+00 9.733333587646484375e-01
5.939101823999482750e-06 2.411404156300386500e-03 1.000000000000000000e+00 9.736111164093017578e-01
6.017126712072958203e-06 2.434225317580698215e-03 1.000000000000000000e+00 9.719444513320922852e-01
6.740603798489007268e-06 2.453256739202642252e-03 1.000000000000000000e+00 9.719444513320922852e-01
6.811755127643249641e-06 2.435936451614253897e-03 1.000000000000000000e+00 9.708333611488342285e-01
6.456131958088577621e-06 2.358617199765698693e-03 1.000000000000000000e+00 9.741666913032531738e-01
